$ANSIBLE_VAULT;1.2;AES256;linode
65336630643531393236313038373535376539663837613032346461346265343032643534396161
3861356230626362333638656565643366336439323239310a633331663436326264306435653365
38376462646666326639393862616338656131363232636366636231306535343239313561666634
6237393562326233330a336439346536353133636336393764336339306466336265633231613161
39373735633666343535613334666236663466346164656437653834343865336137353333383237
39633065363832363331663034356533393666356361333239303638386562646562636538323930
38326435376461663134663364353532316263303138666437623139316334326530396536336131
36323165623430373866636533623833383237356131303237616531323738303834643665303463
38323036313531333733366236643733363437313535613037313639376437613639393630313166
65623562316339643533333030326339376266663833653364316262313565383466616333383038
33313066663964336239633030343839646437373262343661616132353337643966356333383834
34363930356534306435306165386537363337376330303361323430663237393265363231326535
34633933303831343461643739333131343765303363656262306539356136646133303263313461
33343464353136643066616164653439316565336464333132303465633565386237626430346134
39626562613032613862623435653731343536396562326237323436643739353737376331303631
66306361353632363836646463653866616532643039663564623531333931333263316363323439
32623933336365616564323235623032373532366138316266613233386462353861363737616463
38373036653830613663663861353963643836303936393465363462656265306165366630666539
65336239333635323232646339373264376662623735363233326437343131666338376261346364
35623732373063653435663536633136656566363634366536366538326337643233346362363963
61383037623531343834323533343566383230363063313831633238356563613030336637393565
32613332376364313436623666653838646464633665373635633235643031616464396630653738
64313234343937643564653032336564386262323266653333666538316638393763333238653130
64383738333034376430393761396334623834623338343833353166306338383831656530666364
66393333643736633165626631366363363235393436323234613465383933376536623165623666
38393637626532363863636564643339313565613931346331393265356666396434356262373631
32626138373830613637646166386261353832663066636335616662306234313265316233383365
64653738386134343630623832343264323039613335353466663933313938353162326331303338
66303163663331303064346666643565613134346135343637323834663166303334343637393436
63376639643932303264666532633263333831343335653237336438303564373236613862653261
63366237366437363336363631653330646662656363616439343237653734333439643461303562
33336264333534366663613034393564323761373331316565636232373564356635653536323963
64376332656331663630626662636639306362396132633863386263393436656436306130313264
30313636343031666663633865333831626261626333373662393462616166626335666136363866
39356231633937333138393062393331363839666133373166636266323035336261373937376266
65336334363765326332393338346366333662306562306131343533363162363964643536336539
33636132373735633337353536316334356135303666666464666136363435656361326165356466
38633938333238326337343963386437363637373932363738323839393139653930323834643239
34306531353032333131336635643432316237396335646166616531336462343539636363386138
64323931316665636438363037313137363038633765643238366433386538333938623238666663
38386163636564386662653838346538626332366136643365373765353033653235386462643737
64363535336132306131353539323537306462316330383039643132373662303964313163326339
38373563333139333638336334396438636334386664383334393130636561386639343233363133
34613030656135336530626230303830306639303039356663396338633034643031623039303632
34356333633932386261626335326639333061616561383263656234383433626630366661393764
62366630306431363537353666386562353037356662613234306164353461613764376264336431
39343337336530396137373966383335376638343262356464353632326332346330303735653566
39616339363534613766323132393337323463316634656539326637393664303663626536396636
64343531393966383635346531316633323561656166613966653432373263386561373032373565
64353437613336333861383635616662353730646538386337313638306361663338646563656562
63333831666538333839313262356238663764666132623630336265363639303835663861323632
63646330626265643165373961326233313564336466633863353930366364656236346663633038
38653632373838396632313034306634663562636637623362646432353730636135633931393462
62313838343465396331363865356535613634306261383031633665633437383538396665613061
65313332336262326561363262626335393837346362336331386637656639393766633430343863
65303837306562646332343266306562366161383131656666656164363838356532383339363235
30373061643231646166353932616662613961306337373666323034616335613636363366356632
33393139383936656232336461623833343033343930316639383132646432356331653132646231
61373161376461636330643835373230343266353764373061386165646634346232363530653831
63633964653365663538343434396566636333366535306439636239643038313964663633323062
63313164663635643762316338326131656130643930653131353961393561356561346139633732
66393862316239326636373135636133376366376232663761396138353165656639386436306261
33613464346661316466636536666265323761643864353434386230616562663231366463626534
36363736373861383161353636323261336161383531333566333261643863613466336465333866
64363235333139363161643961363833343238636162623635376166643862366331663036343633
62643962336234333235616538393364336461333261356231633763616635653964646434666337
39626266393736333365363837613765323338663861613637303135646331616164643564616565
36383538366633376234306439653335653261663766336665333330373938373736616432613036
38363637656264633533643361636437636363393932386135373333363062383465666362393566
62626437383933316434656231643037366236356666326663623965373838653634393661616462
35666530636639376237323561303633646136613766336135386138633365613030636239303339
38313764326132343131303530303130663030653137623734326661306361363132316663616232
31373539373161643135303431323564646364373361396537306134363333336530353033353032
37373131303235343962303566393634383466653031363233313164613063633633653563333266
63383136396634643365653731373566373231316331333536376638386262376230313834376136
32663462383161386330633865656433363832336663393330313939656563323035356264316538
35336138626532313564366434393661616565666263346131326630373730386439383938333534
62396565366338643038363439313534633966633739653030383161383837616264393833613563
37653932626165636636353739336334386633646465326163366137323237343638333565346134
37646130363639643636336337656265393630633364646531333237623339346533323662663030
66333832656538313831343961613962376436363134646334373336623161643533336265366130
62363033363535646538616566336230623862373139376633333833376262633966336264623738
37386462393537623361313263666663383962653332383036316130363931303431366466613066
36633865323938666230393561346437363831313030313739363964623761326261623031333736
39316137303661646131373234336362383761633865353765326134326263633434373432626363
66393439613932663963613334323034653238393931396437383766363335373732363066353438
38626662323463306433353266323139303037323262663161323461633338343537663037303833
34643732636430313664633732333062386630323961333530333230643937646138316130653265
30333533356532356663346436653564653662336436653630356434363435383765643961613030
62343935323132373132363138333439323035353461646138313633346561333330366332613462
65653363386434663930333663373530656239353562323763303539383831386535336361653834
39353364356534656163656262633639356332656233623834396265326630343038333865326636
63656431333964313265373232363361363133613363633863373762363333663762306230303234
31666336376462303530626130363364343430353163363762323437303935643166623431386361
38626362663430633263346435613736366564366663313831613163633664663838313865376437
38306665306332646437653035653936313063366666636432656232626262636335616638343765
66393634336666306638373032656463626565353234666333626137383966393361323263313939
38346238336632653034653138343466623830646562316436633539643138316534353362313032
38636235643134633262343139383939666633373163313232626632373036313133666132623136
39366136616133633030626337613431623632646661653238613763643330323634366532343061
35646561626537633564643966646565393063306461303631383263656639616236613433383333
61323436613434666236663834616131663365303632353035613261383739383039666661623036
65613663396466366436613538623965313039376166646164376239623931383137626666656563
39303538386338653965653638386135303964373834303366656262633836616462396535353130
61386631633466613038306437346639333338613132366335633833656563373463376137326366
31316261626261613765613664626162623066623336633633373963343161636432633666323730
63623731343434333232623430373732626538353062346138323137353264653137333265373563
64366562376435613831356462313134346232666366393563666137616232663538323435393236
33313039626237333638363064306131383061636162623863303036623033343738633164653338
36363338386132353237663838656633343963303833653833646634613434316364393766633764
33343065616436313164623239303063346464353932326131323065633633333965343438306565
31353438313466643864336634393236393461303739366636306331666232333337306166356139
35356638646262343666303334306633353966373461323130656530333762643234313566623437
37396138633137646432623565376662366265336237393766343631363064373732623363313062
38646330386562623235343762343634383563356462373833383333616639653766393638313137
36656466323865356264333538653365323432633465343737373436333965616236383666363564
38386665663265303138333333386633663132663331373238653935343932623432346662306463
62633565333333643066303635366134623739376233646163303334316536656666313235373132
66353664636437626661356231333538646231653432336165313164393339663132383265373433
36613933623339616632313634356166393235383236356434383163333333653362363636313031
31333535393332646237326438626661363139626138353836643836383962313536383034636635
38383436316334313339623033633330313335373166363538333739633635383066363065353332
39633536633965303732323530343633353361333965633933396531643732316138653136636534
38663132643338383032653539343166343730373534323531623733623931393034633861623534
62643633336466353663656137396537633435393364323162333337396366343766323536333161
61343061393334393531363663343665343765646165613763383334376563393432326436376361
37356236643933396661343833656232306138303135393837396334616365343335643663613430
32396235613538363639323638353564336331303263346366343030356266383232636230313237
61353030363138303637363238353564376132366435323137623565366630323337656136363836
32613535633137393063656263613664376363663566616661363735386563633733623331656631
32316336313734633732323431393737303331306330643634356433643338616239613537643238
61656266373666646466333762626466646463343933396262353731343435346339613964393139
63336664626435363735316233313230623835393433653533346339313831653831666432353963
66646666366662386361366662666264336532646435613735646139373666343361383838666563
66356439623063666131393935646337666230323431396434393062646565323938303566626138
38653665306339623438393537323239326530386566656566306466393738656633636638376563
34326161353130363162303261616234643936643235613066643863313466653131343365323833
34373137633962346133666335323566333139323730646365363762303034306539653361646539
31653731306536636232363332353535366463633032313966633537336135613664643638363561
62643661373236653365613064333362636261363939393338313731363837343366343738393638
35346337323266343132616435303035343233663931393734303162303034646661326135326330
39383265373861333461326235346633363061376638396430363831366236336432333531323038
63653935653530663665353033653962623563333538336431306538336639383064336337663663
31316266636361373432323630613437623961323439303636393535666263323539316165356463
39353437663537616362633835383431383965393731386264346164636630393538333939343131
65646436623931626632343739323439323133306336376661643731343262353133656132633738
30613534326334643464353339336236356366336164633735313462636330346539613834653764
30393034313030323533353163613165373532316463366233373862323562643765353936623361
65393834363961313238326564626530653538303130303236626461623230353437373561353439
32633930323232613465636236666163313163623461316562386434636135343537626236623461
31656266303266333534373539353966316139306662363334613730343939656439363931336630
30666636356366353536623164616135626536363338656263393736616634393331663837383137
30633931323161623532343337613366306631353835333636306436333132316332353064373034
32356231323432653236373835656533643339626134366436343462383430326431333662306130
63666632356362333763356538653737383831613830373135363330336234353162366137333736
38363032363035373833636166666437373563643434653130616233646332313465366535353735
30356237663738643665353066383538656237616164646165386638343637383238373361306534
31626364326261643966363766633461656433383965316564313161383866623061633734646362
39376339383161363063653731623136643134646361346432383737616665313831366562303939
61383539363130386234616430373765663130363266653435363038333766333363343661663933
38326561626661306533633136643265633530303635386536626534616363356366303165376363
32393361613237336234323632633934306161393435633465393661396261326562313333306436
34303964643436663664653365643665333732393361643162323535363561366637333231306663
63393463356538333135636638366436353735353434616233353338626235383937386639656136
62363861316531353763646237623835646637306130393838656335356566326537316462343235
3933646564323265363161656439393464653064323066303464
